32 10 4
0
1
2
3
0
1
2
3
0
1
2
3
0
1
2
3
0
1
2
3
0
1
2
3
0
1
2
3
0
1
2
3
0.10 0.10 0.10 0.10 0.10 0.10 0.10 0.10 0.10 0.10
0.10 0.10 0.10 0.10 0.10 0.10 0.10 0.10 0.10 0.10
0.10 0.10 0.10 0.10 0.10 0.10 0.10 0.10 0.10 0.10
0.10 0.10 0.10 0.10 0.10 0.10 0.10 0.10 0.10 0.10
0.10 0.10 0.10 0.10 0.10 0.10 0.10 0.10 0.10 0.10
0.10 0.10 0.10 0.10 0.10 0.10 0.10 0.10 0.10 0.10
0.10 0.10 0.10 0.10 0.10 0.10 0.10 0.10 0.10 0.10
0.10 0.10 0.10 0.10 0.10 0.10 0.10 0.10 0.10 0.10
0.10 0.10 0.10 0.10 0.10 0.10 0.10 0.10 0.10 0.10
0.10 0.10 0.10 0.10 0.10 0.10 0.10 0.10 0.10 0.10
0.10 0.10 0.10 0.10 0.10 0.10 0.10 0.10 0.10 0.10
0.25 0.25 0.25 0.25 0.25 0.25 0.25 0.25 0.25 0.25
0.25 0.25 0.25 0.25 0.25 0.25 0.25 0.25 0.25 0.25
0.25 0.25 0.25 0.25 0.25 0.25 0.25 0.25 0.25 0.25
0.25 0.25 0.25 0.25 0.25 0.25 0.25 0.25 0.25 0.25
1000